# The adjacency matrix, the number of edges between 2 species
# file	GCF_000009365.1_ASM936v1_protein.faa	GCF_000012305.1_ASM1230v1_protein.faa	GCF_000299335.2_ASM29933v2_protein.faa	GCF_000300005.1_ASM30000v1_protein.faa	GCF_001298525.1_ASM129852v1_protein.faa	GCF_001606025.1_ASM160602v1_protein.faa	GCF_001642805.2_ASM164280v2_protein.faa	GCF_001658025.2_ASM165802v2_protein.faa	GCF_001683395.1_ASM168339v1_protein.faa	GCF_001995825.2_ASM199582v2_protein.faa	GCF_002196515.1_ASM219651v1_protein.faa	GCF_002208765.2_ASM220876v2_protein.faa	GCF_002327105.1_ASM232710v1_protein.faa	GCF_004089895.1_ASM408989v1_protein.faa	GCF_004768745.1_ASM476874v1_protein.faa	GCF_006364355.1_ASM636435v1_protein.faa	GCF_007795095.1_ASM779509v1_protein.faa	GCF_008330085.1_ASM833008v1_protein.faa	GCF_008369605.1_ASM836960v1_protein.faa	GCF_009914475.1_ASM991447v1_protein.faa	GCF_010587385.1_ASM1058738v1_protein.faa	GCF_010918895.1_ASM1091889v1_protein.faa	GCF_015167415.1_ASM1516741v1_protein.faa	GCF_016026735.1_ASM1602673v1_protein.faa	GCF_016127195.1_ASM1612719v1_protein.faa	GCF_017309605.1_ASM1730960v1_protein.faa	GCF_017310215.1_ASM1731021v1_protein.faa	GCF_018139125.1_ASM1813912v1_protein.faa	GCF_018324105.1_ASM1832410v1_protein.faa	GCF_019343495.1_ASM1934349v1_protein.faa	GCF_020149575.1_ASM2014957v1_protein.faa	GCF_020405345.1_ASM2040534v1_protein.faa	GCF_900187015.1_50465_F01_protein.faa	GCF_900637545.1_51438_G01_protein.faa	GCF_904848165.1_ASM90484816v1_protein.faa	
GCF_000009365.1_ASM936v1_protein.faa	0	1080	2034	2119	1094	1164	1251	1216	1200	1275	1182	1175	1071	1175	1255	1313	947	1232	1195	1244	1288	1238	1191	1226	1255	1258	1288	1240	1241	1276	1278	1279	1247	1282	1176
GCF_000012305.1_ASM1230v1_protein.faa	1080	0	1080	1105	1611	1727	1062	1017	1002	990	945	1761	880	1007	1065	1035	768	1017	961	1242	978	1244	1016	1062	1028	1051	1042	1239	1227	1263	1028	1045	1056	1023	1658
GCF_000299335.2_ASM29933v2_protein.faa	2034	1080	0	2366	1090	1230	1380	1321	1284	1313	1242	1193	1154	1271	1401	1403	1045	1357	1275	1315	1333	1341	1290	1320	1344	1375	1375	1293	1321	1342	1379	1382	1377	1373	1202
GCF_000300005.1_ASM30000v1_protein.faa	2119	1105	2366	0	1119	1278	1581	1491	1440	1394	1320	1231	1174	1418	1619	1512	1059	1571	1313	1333	1378	1344	1449	1515	1401	1599	1464	1398	1391	1380	1440	1462	1593	1432	1289
GCF_001298525.1_ASM129852v1_protein.faa	1094	1611	1090	1119	0	1865	1098	1046	1040	1044	962	1873	895	1029	1098	1095	782	1062	1003	1307	1008	1294	1037	1091	1068	1105	1063	1313	1303	1329	1058	1096	1104	1063	1831
GCF_001606025.1_ASM160602v1_protein.faa	1164	1727	1230	1278	1865	0	1250	1155	1142	1144	1052	2065	952	1160	1245	1220	830	1175	1098	1401	1105	1412	1158	1237	1147	1232	1181	1464	1409	1450	1159	1191	1274	1171	2050
GCF_001642805.2_ASM164280v2_protein.faa	1251	1062	1380	1581	1098	1250	0	2947	2854	1868	1887	1192	1190	2741	4253	2083	1040	2943	1826	1223	1816	1240	2864	3327	2083	4185	2190	1433	1328	1277	2053	2175	3745	2110	1200
GCF_001658025.2_ASM165802v2_protein.faa	1216	1017	1321	1491	1046	1155	2947	0	3819	1849	1982	1117	1183	3439	2997	2111	1010	4556	1809	1168	1865	1209	3895	2938	2058	2955	2134	1325	1274	1242	2029	2102	3049	2116	1119
GCF_001683395.1_ASM168339v1_protein.faa	1200	1002	1284	1440	1040	1142	2854	3819	0	1805	1909	1092	1162	3531	2930	2051	986	3838	1774	1149	1810	1163	4169	2807	2020	2876	2072	1285	1243	1203	2007	2082	2904	2085	1107
GCF_001995825.2_ASM199582v2_protein.faa	1275	990	1313	1394	1044	1144	1868	1849	1805	0	2215	1139	1049	1753	1863	2897	938	1857	2575	1076	2668	1081	1830	1849	2164	1875	2223	1163	1115	1112	2171	2269	1868	2197	1110
GCF_002196515.1_ASM219651v1_protein.faa	1182	945	1242	1320	962	1052	1887	1982	1909	2215	0	1010	1018	1848	1895	2468	887	1992	2213	1012	2155	1015	1942	1892	1932	1880	1985	1103	1053	1054	1931	2003	1892	1970	1032
GCF_002208765.2_ASM220876v2_protein.faa	1175	1761	1193	1231	1873	2065	1192	1117	1092	1139	1010	0	950	1099	1180	1172	836	1128	1061	1413	1092	1403	1094	1179	1135	1186	1142	1401	1372	1432	1124	1148	1195	1132	2019
GCF_002327105.1_ASM232710v1_protein.faa	1071	880	1154	1174	895	952	1190	1183	1162	1049	1018	950	0	1136	1195	1136	1674	1184	1035	979	1064	968	1159	1168	1153	1191	1178	990	986	989	1140	1176	1208	1177	927
GCF_004089895.1_ASM408989v1_protein.faa	1175	1007	1271	1418	1029	1160	2741	3439	3531	1753	1848	1099	1136	0	2805	1967	971	3432	1739	1129	1758	1162	3545	2756	1937	2745	1997	1275	1202	1188	1916	1989	2819	1978	1137
GCF_004768745.1_ASM476874v1_protein.faa	1255	1065	1401	1619	1098	1245	4253	2997	2930	1863	1895	1180	1195	2805	0	2098	1043	3041	1839	1211	1801	1227	2921	3376	2101	4246	2164	1421	1325	1257	2075	2170	3890	2130	1199
GCF_006364355.1_ASM636435v1_protein.faa	1313	1035	1403	1512	1095	1220	2083	2111	2051	2897	2468	1172	1136	1967	2098	0	1012	2122	2791	1112	2642	1132	2090	2045	2408	2078	2477	1228	1191	1166	2430	2483	2112	2444	1154
GCF_007795095.1_ASM779509v1_protein.faa	947	768	1045	1059	782	830	1040	1010	986	938	887	836	1674	971	1043	1012	0	1019	936	848	932	841	991	1000	1033	1045	1061	841	844	856	1032	1065	1041	1052	816
GCF_008330085.1_ASM833008v1_protein.faa	1232	1017	1357	1571	1062	1175	2943	4556	3838	1857	1992	1128	1184	3432	3041	2122	1019	0	1829	1177	1881	1213	3912	2914	2068	2963	2138	1343	1278	1251	2060	2117	3097	2121	1121
GCF_008369605.1_ASM836960v1_protein.faa	1195	961	1275	1313	1003	1098	1826	1809	1774	2575	2213	1061	1035	1739	1839	2791	936	1829	0	1049	2372	1046	1805	1785	2200	1837	2225	1082	1063	1056	2105	2255	1816	2114	1052
GCF_009914475.1_ASM991447v1_protein.faa	1244	1242	1315	1333	1307	1401	1223	1168	1149	1076	1012	1413	979	1129	1211	1112	848	1177	1049	0	1047	2203	1152	1192	1131	1213	1167	1987	2143	2307	1126	1169	1221	1159	1420
GCF_010587385.1_ASM1058738v1_protein.faa	1288	978	1333	1378	1008	1105	1816	1865	1810	2668	2155	1092	1064	1758	1801	2642	932	1881	2372	1047	0	1048	1841	1797	2054	1819	2060	1111	1062	1069	2053	2070	1841	2090	1066
GCF_010918895.1_ASM1091889v1_protein.faa	1238	1244	1341	1344	1294	1412	1240	1209	1163	1081	1015	1403	968	1162	1227	1132	841	1213	1046	2203	1048	0	1158	1222	1138	1230	1176	1982	2220	2386	1133	1171	1268	1166	1413
GCF_015167415.1_ASM1516741v1_protein.faa	1191	1016	1290	1449	1037	1158	2864	3895	4169	1830	1942	1094	1159	3545	2921	2090	991	3912	1805	1152	1841	1158	0	2832	2066	2879	2106	1285	1240	1210	2043	2114	2913	2107	1105
GCF_016026735.1_ASM1602673v1_protein.faa	1226	1062	1320	1515	1091	1237	3327	2938	2807	1849	1892	1179	1168	2756	3376	2045	1000	2914	1785	1192	1797	1222	2832	0	2055	3351	2112	1415	1282	1248	2023	2093	3497	2070	1174
GCF_016127195.1_ASM1612719v1_protein.faa	1255	1028	1344	1401	1068	1147	2083	2058	2020	2164	1932	1135	1153	1937	2101	2408	1033	2068	2200	1131	2054	1138	2066	2055	0	2098	3445	1216	1197	1163	3008	3448	2080	3262	1126
GCF_017309605.1_ASM1730960v1_protein.faa	1258	1051	1375	1599	1105	1232	4185	2955	2876	1875	1880	1186	1191	2745	4246	2078	1045	2963	1837	1213	1819	1230	2879	3351	2098	0	2156	1425	1311	1270	2052	2162	3772	2114	1203
GCF_017310215.1_ASM1731021v1_protein.faa	1288	1042	1375	1464	1063	1181	2190	2134	2072	2223	1985	1142	1178	1997	2164	2477	1061	2138	2225	1167	2060	1176	2106	2112	3445	2156	0	1261	1224	1214	3111	3726	2153	3340	1158
GCF_018139125.1_ASM1813912v1_protein.faa	1240	1239	1293	1398	1313	1464	1433	1325	1285	1163	1103	1401	990	1275	1421	1228	841	1343	1082	1987	1111	1982	1285	1415	1216	1425	1261	0	2091	2183	1209	1264	1449	1233	1453
GCF_018324105.1_ASM1832410v1_protein.faa	1241	1227	1321	1391	1303	1409	1328	1274	1243	1115	1053	1372	986	1202	1325	1191	844	1278	1063	2143	1062	2220	1240	1282	1197	1311	1224	2091	0	2177	1186	1233	1341	1225	1385
GCF_019343495.1_ASM1934349v1_protein.faa	1276	1263	1342	1380	1329	1450	1277	1242	1203	1112	1054	1432	989	1188	1257	1166	856	1251	1056	2307	1069	2386	1210	1248	1163	1270	1214	2183	2177	0	1172	1201	1291	1194	1450
GCF_020149575.1_ASM2014957v1_protein.faa	1278	1028	1379	1440	1058	1159	2053	2029	2007	2171	1931	1124	1140	1916	2075	2430	1032	2060	2105	1126	2053	1133	2043	2023	3008	2052	3111	1209	1186	1172	0	3164	2066	3257	1117
GCF_020405345.1_ASM2040534v1_protein.faa	1279	1045	1382	1462	1096	1191	2175	2102	2082	2269	2003	1148	1176	1989	2170	2483	1065	2117	2255	1169	2070	1171	2114	2093	3448	2162	3726	1264	1233	1201	3164	0	2138	3363	1161
GCF_900187015.1_50465_F01_protein.faa	1247	1056	1377	1593	1104	1274	3745	3049	2904	1868	1892	1195	1208	2819	3890	2112	1041	3097	1816	1221	1841	1268	2913	3497	2080	3772	2153	1449	1341	1291	2066	2138	0	2114	1207
GCF_900637545.1_51438_G01_protein.faa	1282	1023	1373	1432	1063	1171	2110	2116	2085	2197	1970	1132	1177	1978	2130	2444	1052	2121	2114	1159	2090	1166	2107	2070	3262	2114	3340	1233	1225	1194	3257	3363	2114	0	1128
GCF_904848165.1_ASM90484816v1_protein.faa	1176	1658	1202	1289	1831	2050	1200	1119	1107	1110	1032	2019	927	1137	1199	1154	816	1121	1052	1420	1066	1413	1105	1174	1126	1203	1158	1453	1385	1450	1117	1161	1207	1128	0
# file	average number of edges
GCF_000009365.1_ASM936v1_protein.faa	1228.14285714286	
GCF_000012305.1_ASM1230v1_protein.faa	1094.71428571429	
GCF_000299335.2_ASM29933v2_protein.faa	1308.6	
GCF_000300005.1_ASM30000v1_protein.faa	1399.37142857143	
GCF_001298525.1_ASM129852v1_protein.faa	1139.31428571429	
GCF_001606025.1_ASM160602v1_protein.faa	1251.22857142857	
GCF_001642805.2_ASM164280v2_protein.faa	1962.71428571429	
GCF_001658025.2_ASM165802v2_protein.faa	1958.37142857143	
GCF_001683395.1_ASM168339v1_protein.faa	1909.74285714286	
GCF_001995825.2_ASM199582v2_protein.faa	1621.11428571429	
GCF_002196515.1_ASM219651v1_protein.faa	1539.37142857143	
GCF_002208765.2_ASM220876v2_protein.faa	1221.17142857143	
GCF_002327105.1_ASM232710v1_protein.faa	1071.17142857143	
GCF_004089895.1_ASM408989v1_protein.faa	1830.11428571429	
GCF_004768745.1_ASM476874v1_protein.faa	1981.02857142857	
GCF_006364355.1_ASM636435v1_protein.faa	1762.22857142857	
GCF_007795095.1_ASM779509v1_protein.faa	945.171428571429	
GCF_008330085.1_ASM833008v1_protein.faa	1971.68571428571	
GCF_008369605.1_ASM836960v1_protein.faa	1575.25714285714	
GCF_009914475.1_ASM991447v1_protein.faa	1257.85714285714	
GCF_010587385.1_ASM1058738v1_protein.faa	1570.68571428571	
GCF_010918895.1_ASM1091889v1_protein.faa	1271.05714285714	
GCF_015167415.1_ASM1516741v1_protein.faa	1925.97142857143	
GCF_016026735.1_ASM1602673v1_protein.faa	1881.42857142857	
GCF_016127195.1_ASM1612719v1_protein.faa	1772.05714285714	
GCF_017309605.1_ASM1730960v1_protein.faa	1963.91428571429	
GCF_017310215.1_ASM1731021v1_protein.faa	1823.08571428571	
GCF_018139125.1_ASM1813912v1_protein.faa	1325.74285714286	
GCF_018324105.1_ASM1832410v1_protein.faa	1299.51428571429	
GCF_019343495.1_ASM1934349v1_protein.faa	1304.51428571429	
GCF_020149575.1_ASM2014957v1_protein.faa	1746.71428571429	
GCF_020405345.1_ASM2040534v1_protein.faa	1827.6	
GCF_900187015.1_50465_F01_protein.faa	1961.08571428571	
GCF_900637545.1_51438_G01_protein.faa	1794.05714285714	
GCF_904848165.1_ASM90484816v1_protein.faa	1221.85714285714	
# The 2-path matrix, the number of paths between 2 species of length 2
# file	GCF_000009365.1_ASM936v1_protein.faa	GCF_000012305.1_ASM1230v1_protein.faa	GCF_000299335.2_ASM29933v2_protein.faa	GCF_000300005.1_ASM30000v1_protein.faa	GCF_001298525.1_ASM129852v1_protein.faa	GCF_001606025.1_ASM160602v1_protein.faa	GCF_001642805.2_ASM164280v2_protein.faa	GCF_001658025.2_ASM165802v2_protein.faa	GCF_001683395.1_ASM168339v1_protein.faa	GCF_001995825.2_ASM199582v2_protein.faa	GCF_002196515.1_ASM219651v1_protein.faa	GCF_002208765.2_ASM220876v2_protein.faa	GCF_002327105.1_ASM232710v1_protein.faa	GCF_004089895.1_ASM408989v1_protein.faa	GCF_004768745.1_ASM476874v1_protein.faa	GCF_006364355.1_ASM636435v1_protein.faa	GCF_007795095.1_ASM779509v1_protein.faa	GCF_008330085.1_ASM833008v1_protein.faa	GCF_008369605.1_ASM836960v1_protein.faa	GCF_009914475.1_ASM991447v1_protein.faa	GCF_010587385.1_ASM1058738v1_protein.faa	GCF_010918895.1_ASM1091889v1_protein.faa	GCF_015167415.1_ASM1516741v1_protein.faa	GCF_016026735.1_ASM1602673v1_protein.faa	GCF_016127195.1_ASM1612719v1_protein.faa	GCF_017309605.1_ASM1730960v1_protein.faa	GCF_017310215.1_ASM1731021v1_protein.faa	GCF_018139125.1_ASM1813912v1_protein.faa	GCF_018324105.1_ASM1832410v1_protein.faa	GCF_019343495.1_ASM1934349v1_protein.faa	GCF_020149575.1_ASM2014957v1_protein.faa	GCF_020405345.1_ASM2040534v1_protein.faa	GCF_900187015.1_50465_F01_protein.faa	GCF_900637545.1_51438_G01_protein.faa	GCF_904848165.1_ASM90484816v1_protein.faa	
GCF_000009365.1_ASM936v1_protein.faa(0)	55935503	47187162	55467333	59073083	49078278	53914757	85172997	84850295	82736863	70323552	66929923	52497876	46299345	79391619	85983320	76388564	41055429	85430134	68536782	54357687	68063723	54989399	83503011	81632537	77038370	85195007	79175079	57350887	56238216	56315557	75888881	79415595	85097623	77913483	52610163
GCF_000012305.1_ASM1230v1_protein.faa(1)	94374324	44962681	50217203	53586948	44324145	48418252	73750255	73319269	71566796	61021095	57942423	47186323	40813913	68704793	74370398	66086554	36124880	73845565	59271908	49273062	59098458	49769972	72080975	70704969	66503543	73827636	68365825	51709889	50774988	51051160	65578883	68537573	73734238	67351214	47526687
GCF_000299335.2_ASM29933v2_protein.faa(2)	110934666	100434406	63581819	62261054	52240010	57134686	91086264	90817664	88647012	75137160	71461150	55804088	49260963	84944562	91865980	81426132	43596222	91314871	73036462	57722897	72688456	58265790	89372273	87398571	82213997	91192202	84535137	61048795	59733351	59847959	80919803	84688304	90975792	83152052	55909881
GCF_000300005.1_ASM30000v1_protein.faa(3)	118146166	107173896	124522108	72595978	55735597	60942028	98511777	98353583	96019426	80581659	76834012	59514502	52790828	91955069	99293104	87309648	46689999	98581755	78556918	61613572	78163484	62285579	96786833	94368197	88395884	98482342	90726058	64972477	63618792	63819759	86979503	90932326	98252501	89408624	59424345
GCF_001298525.1_ASM129852v1_protein.faa(4)	98156556	88648290	104480020	111471194	48991306	50201437	76589174	76122526	74239934	63316789	60236651	49018665	42428941	71369294	77247020	68540604	37542076	76568582	61539752	51262904	61406331	51838837	74874576	73453757	69039480	76560475	71077802	53756648	52770809	53114139	68126852	71096431	76503579	69916999	49143282
GCF_001606025.1_ASM160602v1_protein.faa(5)	107829514	96836504	114269372	121884056	100402874	58874199	84304444	83922325	81873696	69563766	66235201	53319704	46571730	78524693	85076428	75235435	41201519	84397660	67617518	56140142	67467072	56677023	82454426	80825580	75984810	84434026	78024460	58709503	57777641	58076065	74865726	78181364	84098120	76800177	53358502
GCF_001642805.2_ASM164280v2_protein.faa(6)	170345994	147500510	182172528	197023554	153178348	168608888	166161481	154249602	150543259	119569998	115220232	81826171	75899141	143590888	150123737	130554811	66869273	155254160	116658553	84398484	116155953	85473849	151783033	145338034	132138091	148886527	135589538	90825441	88182128	87684665	130095695	135874592	150809633	133732067	82080670
GCF_001658025.2_ASM165802v2_protein.faa(7)	169700590	146638538	181635328	196707166	152245052	167844650	308499204	168598721	149219600	119819952	115378088	81343415	75756968	143106142	156080609	130745255	66762725	148740224	116955174	83927679	116313120	84887201	150106046	146772003	132278583	154488984	135906713	90482940	87708015	87135428	130315340	136282511	153539129	133812149	81612694
GCF_001683395.1_ASM168339v1_protein.faa(8)	165473726	143133592	177294024	192038852	148479868	163747392	301086518	298439200	159701879	116946902	112744061	79430174	73913259	138531893	152081858	127673259	65171429	149942907	114106826	81857390	113582546	82934716	143742228	143538868	129117755	150657017	132813257	88328666	85590328	85086001	127083073	132886265	150166335	130554690	79628383
GCF_001995825.2_ASM199582v2_protein.faa(9)	140647104	122042190	150274320	161163318	126633578	139127532	239139996	239639904	233893804	104631889	93604387	67577500	62130550	111829800	120821028	105356642	54938027	120554906	95122806	69471985	93823895	70237669	117980415	114470030	109444208	119636815	112407975	74131448	72287083	72025449	107467279	112473028	119368530	110530184	67763009
GCF_002196515.1_ASM219651v1_protein.faa(10)	133859846	115884846	142922300	153668024	120473302	132470402	230440464	230756176	225488122	187208774	93412002	64463357	59158035	107683338	116424054	101180476	52340693	116050332	90995721	66156472	90589699	66925672	113661915	110069406	104069485	115393686	106921771	70728500	68912111	68597048	102297783	107104611	115020144	105128121	64461391
GCF_002208765.2_ASM220876v2_protein.faa(11)	104995752	94372646	111608176	119029004	98037330	106639408	163652342	162686830	158860348	135155000	128926714	56350637	45376898	76273206	82604388	73255869	40129182	81861025	65827654	54745270	65583971	55349779	80078233	78489192	73786856	81876034	75903954	57490296	56508989	56748760	72823767	76082708	81751067	74718479	52234191
GCF_002327105.1_ASM232710v1_protein.faa(12)	92598690	81627826	98521926	105581656	84857882	93143460	151798282	151513936	147826518	124261100	118316070	90753796	42015749	70790499	76640235	67420283	34393383	76274118	60451808	46849525	60128132	47401715	74574028	72654075	68129378	75959197	70042197	49626292	48544459	48601124	67156053	70209989	75702322	68893388	45499699
GCF_004089895.1_ASM408989v1_protein.faa(13)	158783238	137409586	169889124	183910138	142738588	157049386	287181776	286212284	277063786	223659600	215366676	152546412	141580998	143116130	145100563	122139769	62407044	144007657	108992186	78664867	108564302	79578476	139759641	136471670	123455469	143822566	126914352	84704644	82284624	81710036	121569365	127122881	142969415	124956555	76333144
GCF_004768745.1_ASM476874v1_protein.faa(14)	171966640	148740796	183731960	198586208	154494040	170152856	300247474	312161218	304163716	241642056	232848108	165208776	153280470	290201126	170319980	131822383	67520132	156674670	117764544	85171384	117465474	86271235	153498259	146919797	133363916	150434807	137196133	91717380	88964497	88547469	131291650	137310017	151715969	134975515	82796238
GCF_006364355.1_ASM636435v1_protein.faa(15)	152777128	132173108	162852264	174619296	137081208	150470870	261109622	261490510	255346518	210713284	202360952	146511738	134840566	244279538	263644766	123896038	59616203	131525238	102907069	75328499	102800897	76097647	128716854	125011340	118776396	130725086	121985181	80390887	78268492	78032094	116494146	122330042	130127970	119964861	73420780
GCF_007795095.1_ASM779509v1_protein.faa(16)	82110858	72249760	87192444	93379998	75084152	82403038	133738546	133525450	130342858	109876054	104681386	80258364	68786766	124814088	135040264	119232406	32981303	67171824	53420799	41426984	53242654	41892123	65708707	64114178	60288973	66896896	61951976	43914221	42946096	42960112	59369155	62073945	66764868	60970671	40225296
GCF_008330085.1_ASM833008v1_protein.faa(17)	170860268	147691130	182629742	197163510	153137164	168795320	310508320	297480448	299885814	241109812	232100664	163722050	152548236	288015314	313349340	263050476	134343648	170413195	117579000	84474912	116966838	85473771	150851684	147861010	133057057	155390419	136759050	91004331	88311767	87704246	130930447	137048151	154092173	134645429	82195505
GCF_008369605.1_ASM836960v1_protein.faa(18)	137073564	118543816	146072924	157113836	123079504	135235036	233317106	233910348	228213652	190245612	181991442	131655308	120903616	217984372	235529088	205814138	106841598	235158000	99044366	67443498	92568852	68226282	115074473	111792572	106375234	116695455	109469514	72248727	70318676	70060748	104974562	109628408	116503924	108100139	65922471
GCF_009914475.1_ASM991447v1_protein.faa(19)	108715374	98546124	115445794	123227144	102525808	112280284	168796968	167855358	163714780	138943970	132312944	109490540	93699050	157329734	170342768	150656998	82853968	168949824	134886996	60924519	67353880	56779916	82490668	81010325	75844550	84455449	77934038	59349843	57976266	57919792	74835395	78092079	84380219	76717553	54847522
GCF_010587385.1_ASM1058738v1_protein.faa(20)	136127446	118196916	145376912	156326968	122812662	134934144	232311906	232626240	227165092	187647790	181179398	131167942	120256264	217128604	234930948	205601794	106485308	233933676	185137704	134707760	97497430	68120049	114533666	111228121	105801883	116257831	108963145	71983716	70197935	69900175	104004162	109239190	115839000	106872701	65752878
GCF_010918895.1_ASM1091889v1_protein.faa(21)	109978798	99539944	116531580	124571158	103677674	113354046	170947698	169774402	165869432	140475338	133851344	110699558	94803430	159156952	172542470	152195294	83784246	170947542	136452564	113559832	136240098	62364289	83629368	81962781	76681110	85531833	78787314	60119788	58370674	58293509	75664971	78983724	85285045	77571463	55445057
GCF_015167415.1_ASM1516741v1_protein.faa(22)	167006022	144161950	178744546	193573666	149749152	164908852	303566066	300212092	287484456	235960830	227323830	160156466	149148056	279519282	306996518	257433708	131417414	301703368	230148946	164981336	229067332	167258736	162568069	144653473	130134904	151957304	133958945	89044288	86298087	85719719	128145954	134048772	151440542	131765061	80298761
GCF_016026735.1_ASM1602673v1_protein.faa(23)	163265074	141409938	174797142	188736394	146907514	161651160	290676068	293544006	287077736	228940060	220138812	156978384	145308150	272943340	293839594	250022680	128228356	295722020	223585144	162020650	222456242	163925562	289306946	148219272	126384448	145397555	129998433	86910437	84633000	84144214	124469349	130299419	143464687	128003295	78774535
GCF_016127195.1_ASM1612719v1_protein.faa(24)	154076740	133007086	164427994	176791768	138078960	151969620	264276182	264557166	258235510	218888416	208138970	147573712	136258756	246910938	266727832	237552792	120577946	266114114	212750468	151689100	211603766	153362220	260269808	252768896	129683186	132119906	121703914	81123274	78957514	78689101	117917333	122051143	131806703	120362922	73955782
GCF_017309605.1_ASM1730960v1_protein.faa(25)	170390014	147655272	182384404	196964684	153120950	168868052	297773054	308977968	301314034	239273630	230787372	163752068	151918394	287645132	300869614	261450172	133793792	310780838	233390910	168910898	232515662	171063666	303914608	290795110	264239812	166645951	135947410	90891553	88293775	87723849	130205156	136065491	150848138	133802924	82075049
GCF_017310215.1_ASM1731021v1_protein.faa(26)	158350158	136731650	169070274	181452116	142155604	156048920	271179076	271813426	265626514	224815950	213843542	151807908	140084394	253828704	274392266	243970362	123903952	273518100	218939028	155868076	217926290	157574628	267917890	259996866	243407828	271894820	137630294	83336105	81203859	80781775	121049118	124121314	135491513	123770499	75948815
GCF_018139125.1_ASM1813912v1_protein.faa(27)	114701774	103419778	122097590	129944954	107513296	117419006	181650882	180965880	176657332	148262896	141457000	114980592	99252584	169409288	183434760	160781774	87828442	182008662	144497454	118699686	143967432	120239576	178088576	173820874	162246548	181783106	166672210	66165073	60807871	60930384	80022249	83490023	90637837	82122652	57425352
GCF_018324105.1_ASM1832410v1_protein.faa(28)	112476432	101549976	119466702	127237584	105541618	115555282	176364256	175416030	171180656	144574166	137824222	113017978	97088918	164569248	177928994	156536984	85892192	176623534	140637352	115952532	140395870	116741348	172596174	169266000	157915028	176587550	162407718	121615742	64376593	60246447	77919738	81322415	88050181	79876945	56603052
GCF_019343495.1_ASM1934349v1_protein.faa(29)	112631114	102102320	119695918	127639518	106228278	116152130	175369330	174270856	170172002	144050898	137194096	113497520	97202248	163420072	177094938	156064188	85920224	175408492	140121496	115839584	139800350	116587018	171439438	168288428	157378202	175447698	161563550	121860768	120492894	65692474	77567667	81032401	87578606	79591427	56819525
GCF_020149575.1_ASM2014957v1_protein.faa(30)	151777762	131157766	161839606	173959006	136253704	149731452	260191390	260630680	254166146	214934558	204595566	145647534	134312106	243138730	262583300	232988292	118738310	261860894	209949124	149670790	208008324	151329942	256291908	248938698	235834666	260410312	242098236	160044498	155839476	155135334	124460553	121058351	129695963	117739240	72973840
GCF_020405345.1_ASM2040534v1_protein.faa(31)	158831190	137075146	169376608	181864652	142192862	156362728	271749184	272565022	265772530	224946056	214209222	152165416	140419978	254245762	274620034	244660084	124147890	274096302	219256816	156184158	218478380	157967448	268097544	260598838	244102286	272130982	248242628	166980046	162644830	162064802	242116702	138389570	135763694	123987904	76140828
GCF_900187015.1_50465_F01_protein.faa(32)	170195246	147468476	181951584	196505002	153007158	168196240	301619266	307078258	300332670	238737060	230040288	163502134	151404644	285938830	303431938	260255940	133529736	308184346	233007848	168760438	231678000	170570090	302881084	286929374	263613406	301696276	270983026	181275674	176100362	175157212	259391926	271527388	163891310	133375848	81970752
GCF_900637545.1_51438_G01_protein.faa(33)	155826966	134702428	166304104	178817248	139833998	153600354	267464134	267624298	261109380	221060368	210256242	149436958	137786776	249913110	269951030	239929722	121941342	269290858	216200278	153435106	213745402	155142926	263530122	256006590	240725844	267605848	247540998	164245304	159753890	159182854	235478480	247975808	266751696	132441394	74863443
GCF_904848165.1_ASM90484816v1_protein.faa(34)	105220326	95053374	111819762	118848690	98286564	106717004	164161340	163225388	159256766	135526018	128922782	104468382	90999398	152666288	165592476	146841560	80450592	164391010	131844942	109695044	131505756	110890114	160597522	157549070	147911564	164150098	151897630	114850704	113206104	113639050	145947680	152281656	163941504	149726886	56296489
# file	average number of 2-paths
GCF_000009365.1_ASM936v1_protein.faa(0)	133889730.371429
GCF_000012305.1_ASM1230v1_protein.faa(1)	117491902.542857
GCF_000299335.2_ASM29933v2_protein.faa(2)	142695713.457143
GCF_000300005.1_ASM30000v1_protein.faa(3)	153206814.571429
GCF_001298525.1_ASM129852v1_protein.faa(4)	121987315.942857
GCF_001606025.1_ASM160602v1_protein.faa(5)	133815258.028571
GCF_001642805.2_ASM164280v2_protein.faa(6)	225823078.657143
GCF_001658025.2_ASM165802v2_protein.faa(7)	226023503.514286
GCF_001683395.1_ASM168339v1_protein.faa(8)	220731863.514286
GCF_001995825.2_ASM199582v2_protein.faa(9)	183088655.171429
GCF_002196515.1_ASM219651v1_protein.faa(10)	175292911.428571
GCF_002208765.2_ASM220876v2_protein.faa(11)	130266106.371429
GCF_002327105.1_ASM232710v1_protein.faa(12)	118134305.4
GCF_004089895.1_ASM408989v1_protein.faa(13)	211416176.4
GCF_004768745.1_ASM476874v1_protein.faa(14)	228016810.342857
GCF_006364355.1_ASM636435v1_protein.faa(15)	198834479.142857
GCF_007795095.1_ASM779509v1_protein.faa(16)	104467905.457143
GCF_008330085.1_ASM833008v1_protein.faa(17)	227299886.6
GCF_008369605.1_ASM836960v1_protein.faa(18)	178529554.171429
GCF_009914475.1_ASM991447v1_protein.faa(19)	134327826.714286
GCF_010587385.1_ASM1058738v1_protein.faa(20)	177684051.657143
GCF_010918895.1_ASM1091889v1_protein.faa(21)	135827741.8
GCF_015167415.1_ASM1516741v1_protein.faa(22)	222514923.228571
GCF_016026735.1_ASM1602673v1_protein.faa(23)	216418828.228571
GCF_016127195.1_ASM1612719v1_protein.faa(24)	201247632.285714
GCF_017309605.1_ASM1730960v1_protein.faa(25)	226025792.885714
GCF_017310215.1_ASM1731021v1_protein.faa(26)	206718703.771429
GCF_018139125.1_ASM1813912v1_protein.faa(27)	143109707.457143
GCF_018324105.1_ASM1832410v1_protein.faa(28)	139582121
GCF_019343495.1_ASM1934349v1_protein.faa(29)	139251579.828571
GCF_020149575.1_ASM2014957v1_protein.faa(30)	198270098.6
GCF_020405345.1_ASM2040534v1_protein.faa(31)	207095444.228571
GCF_900187015.1_50465_F01_protein.faa(32)	225415298
GCF_900637545.1_51438_G01_protein.faa(33)	203552535.485714
GCF_904848165.1_ASM90484816v1_protein.faa(34)	130525129.514286
