# The adjacency matrix, the number of edges between 2 species
# file	GCF_000009365.1_ASM936v1_protein.faa	GCF_000012305.1_ASM1230v1_protein.faa	GCF_000299335.2_ASM29933v2_protein.faa	GCF_000300005.1_ASM30000v1_protein.faa	GCF_001298525.1_ASM129852v1_protein.faa	GCF_001606025.1_ASM160602v1_protein.faa	GCF_001642805.2_ASM164280v2_protein.faa	GCF_001658025.2_ASM165802v2_protein.faa	GCF_001683395.1_ASM168339v1_protein.faa	GCF_001753085.1_ASM175308v1_protein.faa	GCF_001995825.2_ASM199582v2_protein.faa	GCF_002196515.1_ASM219651v1_protein.faa	GCF_002208765.2_ASM220876v2_protein.faa	GCF_002215585.1_ASM221558v1_protein.faa	GCF_002240035.1_ASM224003v1_protein.faa	GCF_002327105.1_ASM232710v1_protein.faa	GCF_003957745.1_ASM395774v1_protein.faa	GCF_004089895.1_ASM408989v1_protein.faa	GCF_004571195.1_ASM457119v1_protein.faa	GCF_004768745.1_ASM476874v1_protein.faa	GCF_006364355.1_ASM636435v1_protein.faa	GCF_007361795.1_ASM736179v1_protein.faa	GCF_007795095.1_ASM779509v1_protein.faa	GCF_008330085.1_ASM833008v1_protein.faa	GCF_008369605.1_ASM836960v1_protein.faa	GCF_009914475.1_ASM991447v1_protein.faa	GCF_010587385.1_ASM1058738v1_protein.faa	GCF_010918895.1_ASM1091889v1_protein.faa	GCF_011764505.1_ASM1176450v1_protein.faa	GCF_015167415.1_ASM1516741v1_protein.faa	GCF_016026735.1_ASM1602673v1_protein.faa	GCF_016127195.1_ASM1612719v1_protein.faa	GCF_016834455.1_ASM1683445v1_protein.faa	GCF_017309605.1_ASM1730960v1_protein.faa	GCF_017310215.1_ASM1731021v1_protein.faa	GCF_017354925.1_ASM1735492v1_protein.faa	GCF_018139125.1_ASM1813912v1_protein.faa	GCF_018324105.1_ASM1832410v1_protein.faa	GCF_019343495.1_ASM1934349v1_protein.faa	GCF_019670705.1_ASM1967070v1_protein.faa	GCF_020149575.1_ASM2014957v1_protein.faa	GCF_020405345.1_ASM2040534v1_protein.faa	GCF_900187015.1_50465_F01_protein.faa	GCF_900637545.1_51438_G01_protein.faa	GCF_904848165.1_ASM90484816v1_protein.faa	
GCF_000009365.1_ASM936v1_protein.faa	0	1082	2020	2106	1093	1161	1242	1217	1185	938	1266	1171	1171	1300	908	1076	1289	1166	808	1246	1295	891	947	1228	1189	1236	1273	1228	895	1178	1210	1248	1288	1248	1277	1275	1243	1235	1273	1304	1278	1267	1235	1271	1178
GCF_000012305.1_ASM1230v1_protein.faa	1082	0	1080	1107	1605	1720	1064	1012	997	778	992	943	1762	984	757	874	980	1000	672	1060	1042	734	764	1009	968	1230	985	1233	753	1009	1062	1028	985	1047	1049	964	1233	1220	1244	986	1033	1050	1055	1030	1660
GCF_000299335.2_ASM29933v2_protein.faa	2020	1080	0	2371	1092	1226	1379	1311	1273	999	1316	1233	1199	1338	983	1151	1353	1263	864	1400	1397	954	1037	1347	1280	1305	1319	1332	953	1282	1321	1339	1354	1377	1374	1343	1293	1315	1336	1368	1380	1375	1375	1374	1205
GCF_000300005.1_ASM30000v1_protein.faa	2106	1107	2371	0	1118	1273	1577	1491	1437	1003	1384	1326	1227	1411	980	1179	1432	1422	869	1604	1506	968	1049	1564	1314	1329	1363	1333	956	1444	1500	1400	1401	1598	1452	1380	1396	1377	1374	1419	1435	1452	1591	1426	1281
GCF_001298525.1_ASM129852v1_protein.faa	1093	1605	1092	1118	0	1861	1088	1038	1041	789	1041	957	1863	995	755	897	1014	1019	681	1087	1086	744	778	1054	995	1300	1004	1283	758	1034	1073	1055	987	1099	1055	969	1303	1289	1324	1021	1051	1087	1091	1056	1832
GCF_001606025.1_ASM160602v1_protein.faa	1161	1720	1226	1273	1861	0	1235	1158	1140	835	1136	1056	2059	1080	813	959	1094	1149	728	1237	1220	789	840	1169	1097	1392	1110	1398	810	1152	1224	1146	1073	1223	1187	1045	1452	1397	1429	1093	1154	1197	1261	1167	2050
GCF_001642805.2_ASM164280v2_protein.faa	1242	1064	1379	1577	1088	1235	0	2946	2842	1051	1869	1862	1174	1595	1017	1179	1684	2742	885	4252	2076	978	1034	2931	1838	1214	1804	1223	994	2862	3309	2077	1619	4181	2192	1589	1423	1321	1267	1652	2047	2164	3716	2096	1196
GCF_001658025.2_ASM165802v2_protein.faa	1217	1012	1311	1491	1038	1158	2946	0	3806	1039	1837	1959	1103	1571	1002	1173	1659	3433	855	2989	2089	961	1004	4534	1816	1158	1860	1197	979	3885	2923	2045	1599	2951	2116	1563	1326	1266	1225	1643	2011	2092	3039	2100	1118
GCF_001683395.1_ASM168339v1_protein.faa	1185	997	1273	1437	1041	1140	2842	3806	0	1010	1805	1896	1085	1547	980	1157	1622	3526	844	2923	2052	936	988	3823	1780	1140	1809	1146	944	4173	2791	2013	1567	2865	2063	1538	1287	1226	1190	1620	1995	2076	2887	2061	1101
GCF_001753085.1_ASM175308v1_protein.faa	938	778	999	1003	789	835	1051	1039	1010	0	994	943	828	1022	1796	902	1021	970	1523	1052	1054	1753	838	1064	1000	842	986	833	1843	1056	1010	1065	1023	1040	1095	1009	862	860	884	1023	1053	1095	1033	1067	807
GCF_001995825.2_ASM199582v2_protein.faa	1266	992	1316	1384	1041	1136	1869	1837	1805	994	0	2200	1134	1965	952	1053	1954	1749	841	1862	2892	934	942	1850	2583	1066	2653	1068	953	1827	1845	2161	1919	1881	2213	1856	1155	1094	1094	1943	2165	2260	1865	2189	1113
GCF_002196515.1_ASM219651v1_protein.faa	1171	943	1233	1326	957	1056	1862	1959	1896	943	2200	0	1009	1676	903	1001	1736	1837	807	1876	2452	881	879	1975	2216	1004	2155	1009	909	1920	1871	1928	1679	1866	1974	1658	1097	1040	1039	1723	1909	1994	1871	1951	1032
GCF_002208765.2_ASM220876v2_protein.faa	1171	1762	1199	1227	1863	2059	1174	1103	1085	828	1134	1009	0	1069	799	943	1081	1084	717	1167	1169	779	831	1110	1060	1405	1103	1385	791	1087	1168	1132	1065	1173	1153	1028	1384	1361	1411	1079	1127	1159	1181	1135	2022
GCF_002215585.1_ASM221558v1_protein.faa	1300	984	1338	1411	995	1080	1595	1571	1547	1022	1965	1676	1069	0	969	1156	2837	1513	853	1590	2018	941	1023	1587	1822	1047	1900	1047	955	1570	1580	1961	2824	1593	2010	2626	1099	1073	1070	2740	1921	2020	1585	1963	1066
GCF_002240035.1_ASM224003v1_protein.faa	908	757	983	980	755	813	1017	1002	980	1796	952	903	799	969	0	904	992	952	1412	1018	995	1687	821	1006	939	796	941	787	1655	990	980	1012	979	1027	1029	969	831	816	826	986	1015	1027	1023	1021	787
GCF_002327105.1_ASM232710v1_protein.faa	1076	874	1151	1179	897	959	1179	1173	1157	902	1053	1001	943	1156	904	0	1194	1132	803	1187	1125	880	1655	1176	1037	978	1063	970	868	1154	1153	1143	1172	1178	1163	1183	987	985	996	1169	1128	1168	1202	1164	927
GCF_003957745.1_ASM395774v1_protein.faa	1289	980	1353	1432	1014	1094	1684	1659	1622	1021	1954	1736	1081	2837	992	1194	0	1578	914	1677	2090	992	1067	1675	1896	1084	1900	1063	974	1646	1651	2063	3231	1685	2112	2838	1131	1125	1109	2867	2037	2133	1684	2054	1092
GCF_004089895.1_ASM408989v1_protein.faa	1166	1000	1263	1422	1019	1149	2742	3433	3526	970	1749	1837	1084	1513	952	1132	1578	0	837	2804	1962	924	967	3441	1749	1119	1756	1151	934	3543	2754	1943	1527	2742	1997	1505	1281	1199	1184	1588	1912	1989	2806	1967	1127
GCF_004571195.1_ASM457119v1_protein.faa	808	672	864	869	681	728	885	855	844	1523	841	807	717	853	1412	803	914	837	0	884	905	1414	737	864	824	719	821	729	1415	877	855	908	878	889	910	873	740	725	751	879	902	911	874	906	713
GCF_004768745.1_ASM476874v1_protein.faa	1246	1060	1400	1604	1087	1237	4252	2989	2923	1052	1862	1876	1167	1590	1018	1187	1677	2804	884	0	2088	987	1042	3022	1845	1212	1796	1219	989	2924	3358	2094	1609	4245	2154	1581	1415	1316	1256	1646	2056	2163	3871	2108	1198
GCF_006364355.1_ASM636435v1_protein.faa	1295	1042	1397	1506	1086	1220	2076	2089	2052	1054	2892	2452	1169	2018	995	1125	2090	1962	905	2088	0	985	1005	2098	2771	1112	2631	1129	995	2085	2042	2407	2015	2068	2475	1959	1220	1183	1167	2097	2422	2471	2107	2446	1142
GCF_007361795.1_ASM736179v1_protein.faa	891	734	954	968	744	789	978	961	936	1753	934	881	779	941	1687	880	992	924	1414	987	985	0	792	979	946	787	921	788	1584	969	950	1000	952	994	1023	961	801	795	815	962	997	1016	966	997	776
GCF_007795095.1_ASM779509v1_protein.faa	947	764	1037	1049	778	840	1034	1004	988	838	942	879	831	1023	821	1655	1067	967	737	1042	1005	792	0	1015	937	851	934	839	803	997	997	1032	1067	1046	1068	1068	845	842	854	1048	1031	1064	1037	1047	812
GCF_008330085.1_ASM833008v1_protein.faa	1228	1009	1347	1564	1054	1169	2931	4534	3823	1064	1850	1975	1110	1587	1006	1176	1675	3441	864	3022	2098	979	1015	0	1832	1165	1874	1201	1006	3905	2897	2053	1609	2952	2124	1582	1355	1264	1234	1668	2045	2108	3081	2106	1116
GCF_008369605.1_ASM836960v1_protein.faa	1189	968	1280	1314	995	1097	1838	1816	1780	1000	2583	2216	1060	1822	939	1037	1896	1749	824	1845	2771	946	937	1832	0	1050	2358	1039	946	1800	1794	2181	1859	1846	2228	1782	1079	1053	1045	1868	2106	2244	1828	2107	1049
GCF_009914475.1_ASM991447v1_protein.faa	1236	1230	1305	1329	1300	1392	1214	1158	1140	842	1066	1004	1405	1047	796	978	1084	1119	719	1212	1112	787	851	1165	1050	0	1045	2190	798	1147	1185	1127	1063	1209	1169	1054	1985	2135	2290	1090	1127	1175	1204	1147	1421
GCF_010587385.1_ASM1058738v1_protein.faa	1273	985	1319	1363	1004	1110	1804	1860	1809	986	2653	2155	1103	1900	941	1063	1900	1756	821	1796	2631	921	934	1874	2358	1045	0	1046	943	1838	1789	2060	1867	1810	2048	1792	1094	1055	1068	1853	2037	2054	1831	2076	1071
GCF_010918895.1_ASM1091889v1_protein.faa	1228	1233	1332	1333	1283	1398	1223	1197	1146	833	1068	1009	1385	1047	787	970	1063	1151	729	1219	1129	788	839	1201	1039	2190	1046	0	815	1146	1210	1136	1053	1222	1169	1042	1977	2205	2370	1091	1128	1166	1254	1156	1400
GCF_011764505.1_ASM1176450v1_protein.faa	895	753	953	956	758	810	994	979	944	1843	953	909	791	955	1655	868	974	934	1415	989	995	1584	803	1006	946	798	943	815	0	993	964	996	971	990	1012	950	832	820	853	966	1013	1011	979	1006	785
GCF_015167415.1_ASM1516741v1_protein.faa	1178	1009	1282	1444	1034	1152	2862	3885	4173	1056	1827	1920	1087	1570	990	1154	1646	3543	877	2924	2085	969	997	3905	1800	1147	1838	1146	993	0	2822	2057	1596	2876	2096	1567	1284	1224	1200	1643	2036	2104	2902	2089	1094
GCF_016026735.1_ASM1602673v1_protein.faa	1210	1062	1321	1500	1073	1224	3309	2923	2791	1010	1845	1871	1168	1580	980	1153	1651	2754	855	3358	2042	950	997	2897	1794	1185	1789	1210	964	2822	0	2052	1588	3332	2118	1564	1415	1272	1238	1652	2016	2092	3479	2055	1171
GCF_016127195.1_ASM1612719v1_protein.faa	1248	1028	1339	1400	1055	1146	2077	2045	2013	1065	2161	1928	1132	1961	1012	1143	2063	1943	908	2094	2407	1000	1032	2053	2181	1127	2060	1136	996	2057	2052	0	1996	2098	3427	1907	1217	1184	1158	2076	3005	3439	2074	3261	1120
GCF_016834455.1_ASM1683445v1_protein.faa	1288	985	1354	1401	987	1073	1619	1599	1567	1023	1919	1679	1065	2824	979	1172	3231	1527	878	1609	2015	952	1067	1609	1859	1063	1867	1053	971	1596	1588	1996	0	1615	2046	2817	1099	1112	1086	2720	1989	2061	1611	2004	1063
GCF_017309605.1_ASM1730960v1_protein.faa	1248	1047	1377	1598	1099	1223	4181	2951	2865	1040	1881	1866	1173	1593	1027	1178	1685	2742	889	4245	2068	994	1046	2952	1846	1209	1810	1222	990	2876	3332	2098	1615	0	2169	1578	1421	1307	1258	1652	2052	2166	3763	2110	1204
GCF_017310215.1_ASM1731021v1_protein.faa	1277	1049	1374	1452	1055	1187	2192	2116	2063	1095	2213	1974	1153	2010	1029	1163	2112	1997	910	2154	2475	1023	1068	2124	2228	1169	2048	1169	1012	2096	2118	3427	2046	2169	0	1943	1261	1223	1201	2104	3099	3719	2151	3328	1152
GCF_017354925.1_ASM1735492v1_protein.faa	1275	964	1343	1380	969	1045	1589	1563	1538	1009	1856	1658	1028	2626	969	1183	2838	1505	873	1581	1959	961	1068	1582	1782	1054	1792	1042	950	1567	1564	1907	2817	1578	1943	0	1093	1083	1070	2527	1907	1943	1575	1921	1040
GCF_018139125.1_ASM1813912v1_protein.faa	1243	1233	1293	1396	1303	1452	1423	1326	1287	862	1155	1097	1384	1099	831	987	1131	1281	740	1415	1220	801	845	1355	1079	1985	1094	1977	832	1284	1415	1217	1099	1421	1261	1093	0	2084	2172	1169	1214	1259	1448	1229	1448
GCF_018324105.1_ASM1832410v1_protein.faa	1235	1220	1315	1377	1289	1397	1321	1266	1226	860	1094	1040	1361	1073	816	985	1125	1199	725	1316	1183	795	842	1264	1053	2135	1055	2205	820	1224	1272	1184	1112	1307	1223	1083	2084	0	2172	1127	1172	1222	1331	1208	1381
GCF_019343495.1_ASM1934349v1_protein.faa	1273	1244	1336	1374	1324	1429	1267	1225	1190	884	1094	1039	1411	1070	826	996	1109	1184	751	1256	1167	815	854	1234	1045	2290	1068	2370	853	1200	1238	1158	1086	1258	1201	1070	2172	2172	0	1123	1164	1194	1275	1188	1443
GCF_019670705.1_ASM1967070v1_protein.faa	1304	986	1368	1419	1021	1093	1652	1643	1620	1023	1943	1723	1079	2740	986	1169	2867	1588	879	1646	2097	962	1048	1668	1868	1090	1853	1091	966	1643	1652	2076	2720	1652	2104	2527	1169	1127	1123	0	2038	2110	1645	2080	1090
GCF_020149575.1_ASM2014957v1_protein.faa	1278	1033	1380	1435	1051	1154	2047	2011	1995	1053	2165	1909	1127	1921	1015	1128	2037	1912	902	2056	2422	997	1031	2045	2106	1127	2037	1128	1013	2036	2016	3005	1989	2052	3099	1907	1214	1172	1164	2038	0	3143	2050	3254	1116
GCF_020405345.1_ASM2040534v1_protein.faa	1267	1050	1375	1452	1087	1197	2164	2092	2076	1095	2260	1994	1159	2020	1027	1168	2133	1989	911	2163	2471	1016	1064	2108	2244	1175	2054	1166	1011	2104	2092	3439	2061	2166	3719	1943	1259	1222	1194	2110	3143	0	2129	3356	1157
GCF_900187015.1_50465_F01_protein.faa	1235	1055	1375	1591	1091	1261	3716	3039	2887	1033	1865	1871	1181	1585	1023	1202	1684	2806	874	3871	2107	966	1037	3081	1828	1204	1831	1254	979	2902	3479	2074	1611	3763	2151	1575	1448	1331	1275	1645	2050	2129	0	2092	1206
GCF_900637545.1_51438_G01_protein.faa	1271	1030	1374	1426	1056	1167	2096	2100	2061	1067	2189	1951	1135	1963	1021	1164	2054	1967	906	2108	2446	997	1047	2106	2107	1147	2076	1156	1006	2089	2055	3261	2004	2110	3328	1921	1229	1208	1188	2080	3254	3356	2092	0	1124
GCF_904848165.1_ASM90484816v1_protein.faa	1178	1660	1205	1281	1832	2050	1196	1118	1101	807	1113	1032	2022	1066	787	927	1092	1127	713	1198	1142	776	812	1116	1049	1421	1071	1400	785	1094	1171	1120	1063	1204	1152	1040	1448	1381	1443	1090	1116	1157	1206	1124	0
# file	average number of edges
GCF_000009365.1_ASM936v1_protein.faa	1191.88888888889	
GCF_000012305.1_ASM1230v1_protein.faa	1040.93333333333	
GCF_000299335.2_ASM29933v2_protein.faa	1270.8	
GCF_000300005.1_ASM30000v1_protein.faa	1347.22222222222	
GCF_001298525.1_ASM129852v1_protein.faa	1074.71111111111	
GCF_001606025.1_ASM160602v1_protein.faa	1177.66666666667	
GCF_001642805.2_ASM164280v2_protein.faa	1810.8	
GCF_001658025.2_ASM165802v2_protein.faa	1802.2	
GCF_001683395.1_ASM168339v1_protein.faa	1759.71111111111	
GCF_001753085.1_ASM175308v1_protein.faa	1015.28888888889	
GCF_001995825.2_ASM199582v2_protein.faa	1574.91111111111	
GCF_002196515.1_ASM219651v1_protein.faa	1476.06666666667	
GCF_002208765.2_ASM220876v2_protein.faa	1150.48888888889	
GCF_002215585.1_ASM221558v1_protein.faa	1500.26666666667	
GCF_002240035.1_ASM224003v1_protein.faa	974.155555555556	
GCF_002327105.1_ASM232710v1_protein.faa	1056.53333333333	
GCF_003957745.1_ASM395774v1_protein.faa	1562.44444444444	
GCF_004089895.1_ASM408989v1_protein.faa	1694.28888888889	
GCF_004571195.1_ASM457119v1_protein.faa	862.577777777778	
GCF_004768745.1_ASM476874v1_protein.faa	1824.64444444444	
GCF_006364355.1_ASM636435v1_protein.faa	1701	
GCF_007361795.1_ASM736179v1_protein.faa	952.955555555556	
GCF_007795095.1_ASM779509v1_protein.faa	939.422222222222	
GCF_008330085.1_ASM833008v1_protein.faa	1815.51111111111	
GCF_008369605.1_ASM836960v1_protein.faa	1533.24444444444	
GCF_009914475.1_ASM991447v1_protein.faa	1180.04444444444	
GCF_010587385.1_ASM1058738v1_protein.faa	1526.57777777778	
GCF_010918895.1_ASM1091889v1_protein.faa	1186.8	
GCF_011764505.1_ASM1176450v1_protein.faa	963.533333333333	
GCF_015167415.1_ASM1516741v1_protein.faa	1779.62222222222	
GCF_016026735.1_ASM1602673v1_protein.faa	1740.71111111111	
GCF_016127195.1_ASM1612719v1_protein.faa	1707.2	
GCF_016834455.1_ASM1683445v1_protein.faa	1525.28888888889	
GCF_017309605.1_ASM1730960v1_protein.faa	1814.35555555556	
GCF_017310215.1_ASM1731021v1_protein.faa	1753.95555555556	
GCF_017354925.1_ASM1735492v1_protein.faa	1478.15555555556	
GCF_018139125.1_ASM1813912v1_protein.faa	1243.08888888889	
GCF_018324105.1_ASM1832410v1_protein.faa	1215.42222222222	
GCF_019343495.1_ASM1934349v1_protein.faa	1220.44444444444	
GCF_019670705.1_ASM1967070v1_protein.faa	1536.62222222222	
GCF_020149575.1_ASM2014957v1_protein.faa	1683.77777777778	
GCF_020405345.1_ASM2040534v1_protein.faa	1757.37777777778	
GCF_900187015.1_50465_F01_protein.faa	1805.84444444444	
GCF_900637545.1_51438_G01_protein.faa	1722.06666666667	
GCF_904848165.1_ASM90484816v1_protein.faa	1153.02222222222	
# The 2-path matrix, the number of paths between 2 species of length 2
# file	GCF_000009365.1_ASM936v1_protein.faa	GCF_000012305.1_ASM1230v1_protein.faa	GCF_000299335.2_ASM29933v2_protein.faa	GCF_000300005.1_ASM30000v1_protein.faa	GCF_001298525.1_ASM129852v1_protein.faa	GCF_001606025.1_ASM160602v1_protein.faa	GCF_001642805.2_ASM164280v2_protein.faa	GCF_001658025.2_ASM165802v2_protein.faa	GCF_001683395.1_ASM168339v1_protein.faa	GCF_001753085.1_ASM175308v1_protein.faa	GCF_001995825.2_ASM199582v2_protein.faa	GCF_002196515.1_ASM219651v1_protein.faa	GCF_002208765.2_ASM220876v2_protein.faa	GCF_002215585.1_ASM221558v1_protein.faa	GCF_002240035.1_ASM224003v1_protein.faa	GCF_002327105.1_ASM232710v1_protein.faa	GCF_003957745.1_ASM395774v1_protein.faa	GCF_004089895.1_ASM408989v1_protein.faa	GCF_004571195.1_ASM457119v1_protein.faa	GCF_004768745.1_ASM476874v1_protein.faa	GCF_006364355.1_ASM636435v1_protein.faa	GCF_007361795.1_ASM736179v1_protein.faa	GCF_007795095.1_ASM779509v1_protein.faa	GCF_008330085.1_ASM833008v1_protein.faa	GCF_008369605.1_ASM836960v1_protein.faa	GCF_009914475.1_ASM991447v1_protein.faa	GCF_010587385.1_ASM1058738v1_protein.faa	GCF_010918895.1_ASM1091889v1_protein.faa	GCF_011764505.1_ASM1176450v1_protein.faa	GCF_015167415.1_ASM1516741v1_protein.faa	GCF_016026735.1_ASM1602673v1_protein.faa	GCF_016127195.1_ASM1612719v1_protein.faa	GCF_016834455.1_ASM1683445v1_protein.faa	GCF_017309605.1_ASM1730960v1_protein.faa	GCF_017310215.1_ASM1731021v1_protein.faa	GCF_017354925.1_ASM1735492v1_protein.faa	GCF_018139125.1_ASM1813912v1_protein.faa	GCF_018324105.1_ASM1832410v1_protein.faa	GCF_019343495.1_ASM1934349v1_protein.faa	GCF_019670705.1_ASM1967070v1_protein.faa	GCF_020149575.1_ASM2014957v1_protein.faa	GCF_020405345.1_ASM2040534v1_protein.faa	GCF_900187015.1_50465_F01_protein.faa	GCF_900637545.1_51438_G01_protein.faa	GCF_904848165.1_ASM90484816v1_protein.faa	
GCF_000009365.1_ASM936v1_protein.faa(0)	67567473	56458240	67968664	71873426	58287193	63908921	99182887	98548629	96294255	54009590	86249790	80952505	62329059	82169054	51916966	57258930	85659017	92784798	46097892	99948421	93165167	50809054	51076019	99288420	84125438	64214987	83506796	64645126	51348345	97399945	95364102	93670211	83602868	99352760	96174290	80970285	67697213	66221025	66319533	84154279	92285977	96417758	98934355	94432795	62536357
GCF_000012305.1_ASM1230v1_protein.faa(1)	112916480	52331372	60153008	63736746	51645442	56374422	84921556	84314189	82386821	46606051	73672451	69098616	54968734	69944383	44775017	49562783	72819264	79404850	39800106	85571892	79375470	43839892	44121893	84951640	71664389	57093197	71367834	57396345	44323254	83188617	81632587	79754927	71037827	85163851	81895204	68898778	59929859	58679573	58999020	71701424	78650778	82073884	84766889	80464339	55427724
GCF_000299335.2_ASM29933v2_protein.faa(2)	135937328	120306016	76906750	75893226	62091429	67851887	106165641	105623122	103207137	57552251	92133765	86476819	66292652	87679367	55262867	60990759	91297181	99349633	49099341	106900881	99339170	54121284	54321178	106255919	89686631	68285379	89211403	68601997	54709935	104290795	102104311	100031483	89072374	106406330	102701885	86265528	72152763	70425171	70574889	89703017	98486601	102886759	105850577	100790398	66539098
GCF_000300005.1_ASM30000v1_protein.faa(3)	143746852	127473492	151786452	86591937	65804208	71889316	113957762	113502657	110933868	61006881	98114470	92168768	70261692	93026517	58619257	64774916	96869309	106695591	52016179	114768560	105706570	57315925	57695764	113915490	95699451	72382484	95143511	72849457	57988044	112109000	109515971	106658149	94645250	114072023	109438565	91718942	76343009	74580579	74775872	95347574	105032695	109624178	113468501	107534841	70336007
GCF_001298525.1_ASM129852v1_protein.faa(4)	116574386	103290884	124182858	131608416	56218468	58061728	87578016	86929007	84831755	48007806	75813095	71238721	56760396	72067635	46165507	51099393	74913307	81897714	41004066	88231004	81706377	45160215	45498179	87465773	73827518	58998789	73562653	59390431	45680825	85764437	84240581	82130726	73229182	87661834	84452077	71007717	61910110	60622580	60931073	73783808	81041565	84471463	87352251	82869707	56974056
GCF_001606025.1_ASM160602v1_protein.faa(5)	127817842	112748844	135703774	143778632	116123456	67394659	96334856	95669504	93467698	52547069	83234439	78205212	61709392	78973358	50481458	55978276	82137031	90033531	44845061	97051738	89571620	49420479	49802607	96299527	81009814	64529919	80690740	64867134	49965481	94373285	92579386	90251593	80235468	96577921	92593312	77845896	67562825	66278848	66611238	80944583	88979136	92742813	95948404	90958402	61866762
GCF_001642805.2_ASM164280v2_protein.faa(6)	198365774	169843112	212331282	227915524	175156032	192669712	183168980	170900411	167027926	82778623	139111667	132200292	93587793	129233547	79634903	89048168	134737473	159956180	70390789	167088687	151029276	77800542	79021050	172102111	135869770	96228002	135043850	97010197	78583716	168708599	161991082	152519411	131289257	166151651	156385395	127290935	103410642	100104839	99630902	132758295	150102749	156717536	167673398	153814625	94052387
GCF_001658025.2_ASM165802v2_protein.faa(7)	197097258	168628378	211246244	227005314	173858014	191339008	341800822	184813491	165342269	82476480	139001937	131972410	92878112	128885569	79266305	88661756	134359352	159170204	70129139	172719758	150847179	77462293	78690314	165307571	135768044	95528535	134776958	96170183	78299246	166696964	163055981	152222935	130907457	171367595	156312203	126992589	102827311	99390274	98885918	132399788	149933150	156619323	169895569	153424336	93339157
GCF_001683395.1_ASM168339v1_protein.faa(8)	192588510	164773642	206414274	221867736	169663510	186935396	334055852	330684538	175540411	80613656	135817505	129075330	90751333	125960755	77444172	86594998	131380328	154373078	68494949	168463943	147387696	75706887	76875236	166237380	132686074	93262296	131793212	94059976	76569887	160025060	159597168	148769463	127990155	167329945	152893509	124112465	100453715	97132622	96621237	129374787	146411641	152937804	166331821	149978332	91194127
GCF_001753085.1_ASM175308v1_protein.faa(9)	108019180	93212102	115104502	122013762	96015612	105094138	165557246	164952960	161227312	49949202	72041993	67648780	51287044	68548455	44628590	48169103	71490414	77692356	39926309	83418665	77676163	43749061	42966127	82976013	70184005	52635945	69827083	52982811	43937228	81383806	79631198	78273222	69732126	83022000	80295051	67612049	55634916	54290720	54371676	70235574	77212439	80434007	82571916	78926171	51461166
GCF_001995825.2_ASM199582v2_protein.faa(10)	172499580	147344902	184267530	196228940	151626190	166468878	278223334	278003874	271635010	144083986	126998395	113230548	81005796	114546363	69165590	76980587	119733043	130530640	61337077	140295028	128873524	67701156	68554097	139892591	116899884	82902022	115491906	83389510	68352023	137305876	133623307	132772111	116805599	139338546	136258321	112946627	88271924	85923371	85667895	117556846	130457352	136308763	138660347	133686146	81279925
GCF_002196515.1_ASM219651v1_protein.faa(11)	161905010	138197232	172953638	184337536	142477442	156410424	264400584	263944820	258150660	135297560	226461096	110447481	76240560	107267721	64973032	72288646	111754760	123885034	57548581	133286856	121760384	63581645	64372550	132773795	110097765	77961361	109463474	78448592	64171943	130454147	126673439	124426026	109114287	132481204	127734360	105442010	83163833	80856534	80578012	109826185	122431248	127897263	131720540	125352049	76372287
GCF_002208765.2_ASM220876v2_protein.faa(12)	124658118	109937468	132585304	140523384	113520792	123418784	187175586	185756224	181502666	102574088	162011592	152481120	64566588	77038375	49297802	54646003	80117746	87512120	43798108	94321081	87363473	48253854	48608260	93515786	78988719	62969565	78557891	63399542	48818804	91692080	89960209	87837154	78254301	93752585	90212030	75961436	66186520	64840572	65117972	78951145	86673606	90386649	93323602	88617072	60576023
GCF_002215585.1_ASM221558v1_protein.faa(13)	164338108	139888766	175358734	186053034	144135270	157946716	258467094	257771138	251921510	137096910	229092726	214535442	154076750	115823984	65893976	73184576	113053438	121172580	58543873	130203319	123801791	64555013	65349172	129739026	111979822	78813449	110820434	79202166	65138663	127348475	124328267	125106770	110263871	129493761	128349953	106917323	83697803	81570668	81402164	110681453	123239677	128628054	128840768	126075684	77261211
GCF_002240035.1_ASM224003v1_protein.faa(14)	103833932	89550034	110525734	117238514	92331014	100962916	159269806	158532610	154888344	89257180	138331180	129946064	98595604	131787952	45877313	46213852	68602952	74597895	38525818	80258655	74648999	42042631	41288951	79873407	67463989	50600466	67068783	50931105	42625778	78382242	76564476	75167274	66990375	79748009	77171275	64943299	53437776	52186462	52309999	67437414	74090930	77314259	79297550	75766157	49434628
GCF_002327105.1_ASM232710v1_protein.faa(15)	114517860	99125566	121981518	129549832	102198786	111956552	178096336	177323512	173189996	96338206	153961174	144577292	109292006	146369152	92427704	52291136	76204422	83330793	41036169	89741302	83069550	45229613	43853229	89301509	74993294	56156056	74533958	56514551	45753911	87591448	85530312	83651179	74442389	89246499	85921348	72007031	59419648	57978648	58044415	74945781	82498119	86052092	88653802	84303577	54853257
GCF_003957745.1_ASM395774v1_protein.faa(16)	171318034	145638528	182594362	193738618	149826614	164274062	269474946	268718704	262760656	142980828	239466086	223509520	160235492	226106876	137205904	152408844	126766004	126413195	60777690	135769125	128972968	67075583	68006586	135248513	116599511	81906317	115755816	82420021	67824357	132832854	129688235	130365446	113328547	134986448	133770757	110969620	87062917	84736203	84590758	115327775	128311427	133986107	134240558	131445788	80291075
GCF_004089895.1_ASM408989v1_protein.faa(17)	185569596	158809700	198699266	213391182	163795428	180067062	319912360	318340408	308746156	155384712	261061280	247770068	175024240	242345160	149195790	166661586	252826390	158865059	65910567	161426615	141717789	72851586	73997658	160103351	127348953	89992612	126595450	90603186	73660024	156044519	152409940	142884692	123154158	160410560	146801654	119374959	96711692	93680075	93121767	124393755	140711883	146999249	159099506	144173089	87787260
GCF_004571195.1_ASM457119v1_protein.faa(18)	92195784	79600212	98198682	104032358	82008132	89690122	140781578	140258278	136989898	79852618	122674154	115097162	87596216	117087746	77051636	82072338	121555380	131821134	35836422	70940107	66065347	37655878	36646392	70632211	59843136	44953146	59508924	45176298	38073150	69186206	67692738	66585377	59464687	70516920	68417722	57622813	47465933	46383607	46448944	59864687	65674937	68534269	70184305	67161321	43893564
GCF_004768745.1_ASM476874v1_protein.faa(19)	199896842	171143784	213801762	229537120	176462008	194103476	334177374	345439516	336927886	166837330	280590056	266573712	188642162	260406638	160517310	179482604	271538250	322853230	141880214	187226765	152223263	78353191	79616805	173510528	136941878	96941122	136226079	97753488	79225926	170321204	163517637	153639107	132304608	167626927	157969380	128278831	104282879	100899655	100439964	133781636	151279862	158000781	168448988	154997117	94741198
GCF_006364355.1_ASM636435v1_protein.faa(20)	186330334	158750940	198678340	211413140	163412754	179143240	302058552	301694358	294775392	155352326	257747048	243520768	174726946	247603582	149297998	166139100	257945936	283435578	132130694	304446526	148552463	73014728	73963270	151844386	125948247	89445596	125522134	89915427	73759686	148937067	145034793	143283786	126008537	151433479	147001618	121797255	95308686	92573331	92316436	126567493	140666130	147404655	150295643	144229589	87715653
GCF_007361795.1_ASM736179v1_protein.faa(21)	101618108	87679784	108242568	114631850	90320430	98840958	155601084	154924586	151413774	87498122	135402312	127163290	96507708	129110026	84085262	90459226	134151166	145703172	75311756	156706382	146029456	43930765	40436718	77968487	65931899	49500816	65645210	49781604	41885947	76488643	74775487	73541464	65633020	77873744	75466970	63536813	52327748	51085113	51174671	66044748	72508757	75636660	77568530	74178725	48352624
GCF_007795095.1_ASM779509v1_protein.faa(22)	102152038	88243786	108642356	115391528	90996358	99605214	158042100	157380628	153750472	85932254	137108194	128745100	97216520	130698344	82577902	87706458	136013172	147995316	73292784	159233610	147926540	80873436	41569644	79211155	66757167	49927971	66434959	50251302	40826047	77696054	75967622	74534495	66350235	79120484	76462573	64221657	52856735	51591534	51642379	66846159	73436762	76628948	78749156	75128571	48794401
GCF_008330085.1_ASM833008v1_protein.faa(23)	198576840	169903280	212511838	227830980	174931546	192599054	344204222	330615142	332474760	165952026	279785182	265547590	187031572	259478052	159746814	178603018	270497026	320206702	141264422	347021056	303688772	155936974	158422310	186934684	136609831	96194937	135631026	96859489	78755774	167576465	164283593	153222878	131821113	172433595	157340185	127808525	103385733	100140324	99564670	133205861	150728375	157586162	170611737	154454154	94042690
GCF_008369605.1_ASM836960v1_protein.faa(24)	168250876	143328778	179373262	191398902	147655036	162019628	271739540	271536088	265372148	140368010	233799768	220195530	157977438	223959644	134927978	149986588	233199022	254697906	119686272	273883756	251896494	131863798	133514334	273219662	120343070	80609520	113709242	81149831	66640018	134154360	130596819	129241793	113751089	136117880	132680683	110092677	86149536	83691676	83460196	114594671	127386706	132918565	135447505	130709082	79217217
GCF_009914475.1_ASM991447v1_protein.faa(25)	128429974	114186394	136570758	144764968	117997578	129059838	192456004	191057070	186524592	105271890	165804044	155922722	125939130	157626898	101200932	112312112	163812634	179985224	89906292	193882244	178891192	99001632	99855942	192389874	161219040	69168406	80374926	64875677	50126335	94184718	92560942	89909510	80027435	96406260	92284763	77614259	68071199	66368235	66353129	80751465	88697549	92413634	96073005	90675867	63203057
GCF_010587385.1_ASM1058738v1_protein.faa(26)	167013592	142735668	178422806	190287022	147125306	161381480	270087700	269553916	263586424	139654166	230983812	218926948	157115782	221640868	134137566	149067916	231511632	253190900	119017848	272452158	251044268	131290420	132869918	271262052	227418484	160749852	118346446	80861507	66271467	133184446	129699167	128257191	112931139	135310277	131981207	109306082	85765345	83388076	83087680	113843003	126242157	132277678	134454393	129242841	78883872
GCF_010918895.1_ASM1091889v1_protein.faa(27)	129290252	114792690	137203994	145698914	118780862	129734268	194020394	192340366	188119952	105965622	166779020	156897184	126799084	158404332	101862210	113029102	164840042	181206372	90352596	195506976	179830854	99563208	100502604	193718978	162299662	129751354	161723014	70197928	50354066	95037176	93219259	90411756	80464598	97164902	92855215	78059422	68640007	66583860	66514209	81161297	89241002	93032165	96622088	91191715	63645259
GCF_011764505.1_ASM1176450v1_protein.faa(28)	102696690	88646508	109419870	115976088	91361650	99930962	157167432	156598492	153139774	87874456	136704046	128343886	97637608	130277326	85251556	91507822	135648714	147320048	76146300	158451852	147519372	83771894	81652094	157511548	133280036	100252670	132542934	100708132	44879575	77271269	75558201	74297497	66189082	78772485	76279518	64216083	52902266	51672060	51722088	66688778	73172248	76418544	78380531	74886741	48928473
GCF_015167415.1_ASM1516741v1_protein.faa(29)	194799890	166377234	208581590	224218000	171528874	188746570	337417198	333393928	320050120	162767612	274611752	260908294	183384160	254696950	156764484	175182896	265665708	312089038	138372412	340642408	297874134	152977286	155392108	335152930	268308720	188369436	266368892	190074352	154542538	179373125	161156872	150282697	129365432	169089805	154538104	125435466	101521858	98157408	97560033	130800638	147916700	154622720	168069065	151628633	92189464
GCF_016026735.1_ASM1602673v1_protein.faa(30)	190728204	163265174	204208622	219031942	168481162	185158772	323982164	326111962	319194336	159262396	267246614	253346878	179920418	248656534	153128952	171060624	259376470	304819880	135385476	327035274	290069586	149550974	151935244	328567186	261193638	185121884	259398334	186438518	151116402	322313744	164338506	146326982	126402648	162273529	150329263	122492209	99157758	96305488	95826045	127600798	144074935	150641284	159799303	147690526	90464119
GCF_016127195.1_ASM1612719v1_protein.faa(31)	187340422	159509854	200062966	213316298	164261452	180503186	305038822	304445870	297538926	156546444	265544222	248852052	175674308	250213540	150334548	167302358	260730892	285769384	133170754	307278214	286567572	147082928	149068990	306445756	258483586	179819020	256514382	180823512	148594994	300565394	292653964	153976522	127270450	152703679	146615986	123088086	95933580	93203632	92923226	128009056	141868089	146910143	151878574	144466266	88124767
GCF_016834455.1_ASM1683445v1_protein.faa(32)	167205736	142075654	178144748	189290500	146458364	160470936	262578514	261814914	255980310	139464252	233611198	218228574	156508602	220527742	133980750	148884778	226657094	246308316	118929374	264609216	252017074	131266040	132700470	263642226	227502178	160054870	225862278	160929196	132378164	258730864	252805296	254540900	120871630	131564640	130572600	108296117	85061930	82720864	82649803	113248985	125168511	130826504	130870456	128216445	78482711
GCF_017309605.1_ASM1730960v1_protein.faa(33)	198705520	170327702	212812660	228144046	175323668	193155842	332303302	342735190	334659890	166044000	278677092	264962408	187505170	258987522	159496018	178492998	269972896	320821120	141033840	335253854	302866958	155747488	158240968	344867190	272235760	192812520	270620554	194329804	157544970	338179610	324547058	305407358	263129280	184103544	156914447	127609405	103601047	100354951	99843522	133016702	150406041	157049057	167778314	154057270	94164006
GCF_017310215.1_ASM1731021v1_protein.faa(34)	192348580	163790408	205403770	218877130	168904154	185186624	312770790	312624406	305787018	160590102	272516642	255468720	180424060	256699906	154342550	171842696	267541514	293603308	136835444	315938760	294003236	150933940	152925146	314680370	265361366	184569526	263962414	185710430	152559036	309076208	300658526	293231972	261145200	313828894	162926372	126357603	98488775	95701795	95381092	131488539	145540052	149478862	155993095	148432223	90454840
GCF_017354925.1_ASM1735492v1_protein.faa(35)	161940570	137797556	172531056	183437884	142015434	155691792	254581870	253985178	248224930	135224098	225893254	210884020	151922872	213834646	129886598	144014062	221939240	238749918	115245626	256557662	243594510	127073626	128443314	255617050	220185354	155228518	218612164	156118844	128432166	250870932	244984418	246176172	216592234	255218810	252715206	111903245	82473873	80318495	80202638	109782727	121054032	126688356	126929874	123987409	76119321
GCF_018139125.1_ASM1813912v1_protein.faa(36)	135394426	119859718	144305526	152686018	123820220	135125650	206821284	205654622	200907430	111269832	176543848	166327666	132373040	167395606	106875552	118839296	174125834	193423384	94931866	208565758	190617372	104655496	105713470	206771466	172299072	136142398	171530690	137280014	105804532	203043716	198315516	191867160	170123860	207202094	196977550	164947746	75385917	69671934	69813470	85670635	94619974	98660032	102985419	96799360	66253225
GCF_018324105.1_ASM1832410v1_protein.faa(37)	132442050	117359146	140850342	149161158	121245160	132557696	200209678	198780548	194265244	108581440	171846742	161713068	129681144	163141336	104372924	115957296	169472406	187360150	92767214	201799310	185146662	102170226	103183068	200280648	167383352	132736470	166776152	133167720	103344120	196314816	192610976	186407264	165441728	200709902	191403590	160636990	139343868	72841164	68734175	83549386	91990935	95869248	99802737	93981939	65080066
GCF_019343495.1_ASM1934349v1_protein.faa(38)	132639066	117998040	141149778	149551744	121862146	133222476	199261804	197771836	193242474	108743352	171335790	161156024	130235944	162804328	104619998	116088830	169181516	186243534	92897888	200879928	184632872	102349342	103284758	199129340	166920392	132706258	166175360	133028418	103444176	195120066	191652090	185846452	165299606	199687044	190762184	160405276	139626940	137468350	74157428	83376438	91645870	95587854	99374635	93671972	65304955
GCF_019670705.1_ASM1967070v1_protein.faa(39)	168308558	143402848	179406034	190695148	147567616	161889166	265516590	264799576	258749574	140471148	235113692	219652370	157902290	221362906	134874828	149891562	230655550	248787510	119729374	267563272	253134986	132089496	133692318	266411722	229189342	161502930	227686006	162322594	133377556	261601276	255201596	256018112	226497970	266033404	262977078	219565454	171341270	167098772	166752876	120712352	126051502	131795336	132342299	129003034	79122824
GCF_020149575.1_ASM2014957v1_protein.faa(40)	184571954	157301556	196973202	210065390	162083130	177958272	300205498	299866300	292823282	154424878	260914704	244862496	173347212	246479354	148181860	164996238	256622854	281423766	131349874	302559724	281332260	145017514	146873524	301456750	254773412	177395098	252484314	178482004	146344496	295833400	288149870	283736178	250337022	300812082	291080104	242108064	189239948	183981870	183291740	252103004	148039676	145618435	149465671	141490118	86952890
GCF_020405345.1_ASM2040534v1_protein.faa(41)	192835516	164147768	205773518	219248356	168942926	185485626	313435072	313238646	305875608	160868014	272617526	255794526	180773298	257256108	154628518	172104184	267972214	293998498	137068538	316001562	294809310	151273320	153257896	315172324	265837130	184827268	264555356	186064330	152837088	309245440	301282568	293820286	261653008	314098114	298957724	253376712	197320064	191738496	191175708	263590672	291236870	163704502	156269799	148623692	90630594
GCF_900187015.1_50465_F01_protein.faa(42)	197868710	169533778	211701154	226937002	174704502	191896808	335346796	339791138	332663642	165143832	277320694	263441080	186647204	257681536	158595100	177307604	268481116	318199012	140368610	336897976	300591286	155137060	157498312	341223474	270895010	192146010	268908786	193244176	156761062	336138130	319598606	303757148	261740912	335556628	311986190	253859748	205970838	199605474	198749270	264684598	298931342	312539598	180192433	153201154	93755115
GCF_900637545.1_51438_G01_protein.faa(43)	188865590	160928678	201580796	215069682	165739414	181916804	307629250	306848672	299956664	157852342	267372292	250704098	177234144	252151368	151532314	168607154	262891576	288346178	134322642	309994234	288459178	148357450	150257142	308908308	261418164	181351734	258485682	182383430	149773482	303257266	295381052	288932532	256432890	308114540	296864446	247974818	193598720	187963878	187343944	258006068	282980236	297247384	306402308	156328827	88904424
GCF_904848165.1_ASM90484816v1_protein.faa(44)	125072714	110855448	133078196	140672014	113948112	123733524	188104774	186678314	182388254	102922332	162559850	152744574	121152046	154522422	98869256	109706514	160582150	175574520	87787128	189482396	175431306	96705248	97588802	188085380	158434434	126406114	157767744	127290518	97856946	184378928	180928238	176249534	156965422	188328012	180909680	152238642	132506450	130160132	130609910	158245648	173905780	181261188	187510230	177808848	64793226
# file	average number of 2-paths
GCF_000009365.1_ASM936v1_protein.faa(0)	153928670.155556
GCF_000012305.1_ASM1230v1_protein.faa(1)	132834642.311111
GCF_000299335.2_ASM29933v2_protein.faa(2)	164144794.666667
GCF_000300005.1_ASM30000v1_protein.faa(3)	174804763.088889
GCF_001298525.1_ASM129852v1_protein.faa(4)	136900914.8
GCF_001606025.1_ASM160602v1_protein.faa(5)	149998196.422222
GCF_001642805.2_ASM164280v2_protein.faa(6)	246253861.511111
GCF_001658025.2_ASM165802v2_protein.faa(7)	245772374.6
GCF_001683395.1_ASM168339v1_protein.faa(8)	240265087.844444
GCF_001753085.1_ASM175308v1_protein.faa(9)	128775430.666667
GCF_001995825.2_ASM199582v2_protein.faa(10)	210863762.244444
GCF_002196515.1_ASM219651v1_protein.faa(11)	198750749.533333
